20260710110000
20260712210000
20260712220000
20260712230000
20260712235900
20260713000000
20260713120000
20260713130000
20260713140000
20260713150000
20260713160000
20260713170000
20260713200000
20260713210000
20260713220000
20260713230000
20260713240000
20260714180000
20260715090000
20260715100000
20260715110000
20260715120000
20260715130000
20260715140000
20260715150000
20260715160000
20260715170000
20260715180000
20260715190000
20260715200000
20260715210000
20260715220000
20260715230000
20260715240000
20260716000000
20260716110000
20260716120000
20260716130000
20260716140000
20260716150000
20260716160000
20260716170000
20260717090000
20260717100000
20260717110000
20260717130000
20260717141200
20260718140000
20260718141000
20260718160000
20260720110000
20260728100000
20260728150000
20260728160000
20260729100000
20260729110000
20260729120000
20260731120000
20260731160000
20260731170000
20260731171500
20260808000000
20260809000000
20260809100000
20260809200000
20260809210000
20260810000000
20260810200000
20260810210500
20260810211500
20260810212000
20260810212500
20260810213000
20260810213500
20260810214000
20260811000000
20260811134022
20260811134114
20260812000000
20260812120000
20260813000000
20260813001000
20260813002000
20260813003000
20260813004000
20260814000000
20260815000000
20260815010000
20260816000000
20260816001000
20260816002000
20260816003000
20260816004000
20260816005000
20260820001000
20260820120000
20260821000000
20260822000000
20260822010000
20260822020000
20260822030000
20260822040000
20260822050000
20260823000000
20260825000000
20260825010000
20260825020000
20260825030000
20260830000000
20260831000000
20260903000000
20260903010000
20260903020000
20260903030000
20260903040000
20260903041000
20260904010000
20260904020000
20260904030000
20260904040000
20260904050000
20260905090000
20260905110000
20260905130000
20260905140000
20260905160000
20260907000000
20260907010000
20260907020000
20260908020000
20260909000000
20260909100000
20260909110000
20260909120000
20260909130000
20260909140000
20260909150000
20260909160000
20260910120000
20260910130000
20260910140000
20260910150000
20260911120000
